>> Starting scenario "Random generation Smooth" ...
--> Smooth test 1
[-10,-9,-8,-8,0,2,4,6,7,9]
Time: 12 microseconds.
--> Smooth test 2
[-10,-9,-7,-3,0,7,7,9,11,11]
Time: 7 microseconds.
--> Smooth test 3
[-9,-9,-5,-2,1,6,9,19,21,24]
Time: 7 microseconds.
--> Smooth test 4
[-99,-96,-96,-93,-87,-87,-83,-78,-76,-76,-75,-75,-73,-72,-70,-65,-64,-64,-64,-60,-59,-55,-54,-54,-48,-42,-41,-39,-38,-38,-36,-36,-35,-29,-29,-27,-27,-22,-19,-17,-16,-14,-12,-11,-3,-3,-2,-1,2,4,6,7,14,17,18,19,21,22,25,28,28,31,32,34,36,39,46,50,51,51,52,52,56,57,60,62,68,68,70,73,73,74,74,75,75,77,78,79,80,84,85,86,87,89,91,91,92,95,99,99]
Time: 97 microseconds.
>> Scenario ended successfully.